03004407416
03053708822
03037090238
03014847053
03081472471
03085988732
03088203528
03042708199
03022482941
03087239275
03033093606
03048931456
03042102815
03206961903
03056833943
03049650766
03042557746
03043932954
03076909795
03040469037
03009694669
03218433128
03005259104
03045767327
03063534335
03068557082
03044000284
03055149919
03069886927
03014326310
03027807309
03074744131
03064142163
03228092441
03064021084
03013122500
03007900969
03226216359
03075010921
03082013010
03074654158
03214664892
03076394927
03018913637
03057375342
03231007071
03008915417
03041476643
03014834963
03074869303
03064246031
03026599922
03024832598
03087366673
03022306756
03041819396
03074260535
03028328108
03014776704
03259869208
03092462892
03007771912
03089272926
03004390122
03001001785
03066865586
03080791171
03070894045
03033424729
03013161315
03084967547
03024249462
03013118283
03096280511
03057732328
03040154180
03021495133
03015001757
03036668253
03073391796
03067414522
03017920258
03016528994
03014741109
03072951043
03017530956
03085867663
03078797234
03058544351
03062874709
03065034093
03064000262
03021626148
03081856798
03075033692
03083871383
03083459890