03011118433
03023218271
03030118706
03047065422
03039304134
03008886584
03027699350
03044304343
03013816677
03088510534
03082421541
03087222093
03078895047
03084564121
03226987540
03023771670
03035535858
03028988587
03236632791
03073131247
03002744170
03007277851
03067476945
03041017948
03002299590
03221103435
03017666254
03006025653
03040003212
03016015998
03024839083
03006806054
03003591038
03024408092
03054570776
03046311194
03009475405
03037629763
03018084738
03025777693
03005683501
03022498978
03069533554
03032582362
03086443151
03055200741
03094691068
03022839944
03066452051
03045123290
03014629253
03086718110
03076568988
03029427577
03074857252
03083166273
03037107080
03067730116
03006178787
03070172395
03018063944
03027573310
03088553828
03237334419
03024535866
03035951045
03047310857
03016085472
03066903854
03097133540
03084464028
03052704179
03034818881
03084833471
03235138191
03007780254
03032136879
03055048503
03046785398
03053228904
03006798823
03075965570
03078116023
03338011425
03048632281
03097148928
03092213712
03083150524
03064838539
03094987232
03082727110
03096915715
03014492426
03032399789
03006933613
03041793530
03046979163
03009148677
03094832297
03069072699
03032474677
03017292855
03094933227
03082723444
03007962451
03072533422
03017897537
03024406123
03028939388
03089672397
03067891419
03034615604
03007422675
03057226733
03069260440
03078926430
03082085560
03456999968
03071993070
03038879316
03016597837
03022839944
03061928828
03074313045
03006109526
03009405541
03004905280
03032568618
03034718896
03039438067
03088518083
03016146015
03009601204
03003288075
03064372348
03060057290
03038692588
03029620012
03009749435
03034615604
03063482735
03073626474
03064429621
03038510039
03060796865
03072326313
03072667200
03069864425
03263921814
03221103435
03017537790
03012019245
03074947347
03057374223
03054622908

