03086321828
03032069643
03067839258
03026969481
03014487189
03002709113
03023993602
03040114630
03025753537
03322227617
03054603397
03022604822
03008994458
03073327343
03036439252
03064357346
03223522830
03020450800
03014091345
03049588600
03016982286
03017323440
03084470913
03028805679
03068069791
03066268384
03034682732
03066567713
03078834686
03012011072
03068232855
03055735821
03038766132
03041768662
03068823432
03028073437
03012074974
03427911123
03003280365
03024912836
03063521488
03026942847
03022232590
03063739441
03048773378
03012572321
03024093020
03005267230
03007801388
03216590656
03077833450
03040477020
03088299322
03086731298
03035236616
03094131858
03027528998
03015333344
03008786712
03014929664
03026587578
03063366120
03023482247
03043440157
03092968838
03076083743
03054603397
03237263500
03074531029
03098791392
03074333104
03026684096
03079291209
03006198917
03068244880
03087531249
03038969784
03008356747
03223409244
03049803681
03030154434
03023199560
03005806078
03067224735
03023572262
03037379514
03065855357
03038471265
03091472087
03008682240
03024644203
03004440745
03003518485
03204847734
03092784067
03045981730
03046775501
03017540185
03087422739
03014986505
03084335965
03017566121
03014608689
03017353559
03026468064
03064590115
03079075663
03044513676
03043878641
03064601154
03034937620
03266379149
03240449103
03014753411
03084469713
03250019703
03029195421
03007015438
03026666236
03035526247
03009726709
03047955074
03065016432
03057279814
03047170916
03057297703
03067991856
03098877331
03026969913
03065141415
03206519720
03076539009
03068312764
03006610228
03026646349
03008574969
03038915978
03218179055
03048978988
03007778483
03072877335
03041683922
03067470145
03082297191
03055422131
03047754475
03018884916
03222103847
03005280937
03070220195
03062294085
03063799240
03045371296
03029821795
03062654770
03023770468
03074282742
03042513949
03019088282
03049146514
03055351108
03062520035
03002778039
03014302161
03037660371
03005925805
03076775292
03026200266
03085357243
03052728487
03019815931
