03009646784
03068095098
03096917841
03012472011
03075301853
03036614498
03012795369
03000837598
03013965755
03015050108
03029443839
03066075360
03026680848
03456978187
03019692003
03029671226
03046417832
03081743131
03026509576
03008922342
03064596602
03016114426
03013322238
03068481813
03022599115
03025935255
03076485378
03092360053
03057346698
03082744054
03061852017
03000815612
03078266960
03053938114
03076164923
03002617224
03075778972
03084817953
03087886145
03049030812
03076967433
03024755134
03356116309
03024252239
03003908240
03029774173
03046569018
03254848407
03053255662
03025138971
03359143786
03002612569
03000771432
03077395228
03234015869
03065122444
03083321220
03041368568
03063911445
03028135740
03012138109
03088196838
03009702531
03013700602
03046872955
0
0
0
0uri sms 
03048490480
03216257423
03217805060
03030028360
03077203969
03017072814
03049119229
03014979000
03057710355
03006452176
03006697606
03009774742
03232038452
03224859035
03214895786
03054444338
03086233870
03006978105
03018003274
03049522144
03214560606
03265362395
03041275319
03036922009
03086471215
03090588617
03008691198
03067811264
03023857186
03075100067
03052406319
03002575577
03027099243
03052903334
03214131520
03026509576
03002568262
03062165113
03021115407
03000768089
03002439945
03265259793
03013195673
03227653486
03074819434
03062190694
03006073007
03013806031
03006369280
03016278256
03004586406
03093881512
03222557071
03023029175
03004460217
03228499943
03057881099
03227224532
03217352028
03004746086
03007554084
03084817953
03077140727
03004342943
03080473264
03076967433
03055357087
03089090142
03030609423
03049924422
03097590409
03009373116
03009554659
03007906050
03056760080
03272233233
03016696836
03088052389
03009728226
03006346181
03068515267
03221080391
03069798331
03091442560
03224648518
03088552400
03086374288
03078623102
03018823138
03073881501
03024510507
03212802339
03216466680
03035447294
03005365583
03053436256
03144984044
03064343449
03144984044
03084036584
03075372880
03013727088
03028839841
03027867399
03008500076
03017832988
03078503770
03014926095
03014031811
03013405217
03024920502
03056119923
03014229680
03014465405
03269043750
03018599709
03033747707