03053133143
03004616488
03258164469
03082643619
03045753715
03085351288
03030537051
03065253000
03062023052
03063348213
03035167575
03032167862
03036338335
03097161195
03052660565
03026459821
03065077855
03013729300
03019154369
03006775415
03074535822
03007963944
03086488961
03213817321
03025156296
03017833405
03017419865
03217182521
03003596125
03056307118
03023494204
03218350430
03014992675
03083961925
03006133476
03082842877
03217745595
03023134273
03003984337
03064041796
03074040056
03068643316
03066824823
03072731128
03016829140
03057923941
03070697500
03054988626
03234878706
03007728689
03028384447
03087489590
03054879979
03052345211
03067310642
03024141698
03004397988
03042028120
03003979656
03022350911
03008133174
03046002390
03025227158
03045967864
03007927761
03060793187
03041337433
03092780863
03029461915
03073074021
03064396440
03021939218
03022615186
03037848736
03041292105
03045041181
03016797494
03003419465
03027667437
03047116575
03066743937
03013483630
03006747551
03037087700
03008877025
03032300309
03060589269
03026346771
03087558408
03026094254
03058520128
03046482211
03048835940
03030954131
03007326147
03013806577
03063550582
03087912719
03026025220
03054096449
03065247248
03027681367
03047137248
03071295584
03074356062
03007499505
03067571673
03070424995
03004640835
03027935149
03055071331
03096559875
03030013200
03064761190
03227411315
03009252034
03004127486
03054514893
03046811690
03012313565
03012188821