03002713707
03098803601
03212217347
03016195149
03003811799
03064617374
03004135807
03004162659
03074428010
03092591362
03029191337
03027305264
03325105430
03064403134
03079306466
03034545631
03007290787
03047798358
03061109710
03247223335
03029610445
03026250530
03005724185
03066038161
03055453473
03025700581
03046647676
03026132188
03075507034
03092474297
03029314155
03072433139
03078591713
03221348283
03007318649
03076869107
03009728297
03041902595
03093942795
03008448818
03097881253
03088076667
03033935850
03002305963
03039655247
03138138834
03094670370
03064254046
03072270953
03089856294
03092019071
03007322109
03066234015
03003869883
03074628654
03022765492
03085734274
03088594128
03022924521
03051780311
03067727387
03023661160
03072748112
03035488065
03008352514
03028095205
03217005882
03267188270
03016602175
03070100718
03093760409
03008120315
03006416741
03097313659
03037881736
03062580998
03038463392
03006730618