03091452983
03003943066
03094500015
03035601412
03064072535
03034505519 
03007712645
03048388584
03006493621
03041831764
03084216253
03002425971
03002911459
03017093454
03030355470
03037014949
03034404682
03215792771
03052040725
03027547099
03067862571
03012063683
03234933171
03077424967
03005815195
03013309120
03024992472
03054313597
03004120170
03035897158
03017715971
03043795570
03057066881
03024310243
03064104100
03054643792
03267239608
03060009037
03462713746
03423128781
03445146924
03466025030
03429660034
03422853868
03487800445
03489023052
03436752483
03483735197
03420800420
03431294075
03435088609
03429535266
03425424728
03423007091
03458764210
03467374651
03462219060
03471547990
03060009037