923043076609
923014160826
923052257262
923069315112
923017577270
923005501055
923065327347
923234948862
923077802143
923220235021
923026206782
923029270817
923066845316
923014878701
923055074039
923008084242
923048515924
923068032534
923013818685
923057544784
923064260553
923099275928
923057347948
923076751818
923008997917
923073357914
923030210037
923055002857
923032123548
923054555150
923086930628
923064734258
923095616774
923008175227
923028600056
923017631432
923014160826
923012848854
923030936902
923027287890
923057058608
923037295092
923047409338
923067864593
923018152374
923056459045
923065747532
923066138478
923077512176
923055458772
923006793382
923217301674
923013025148
923039746379
923009580947
923002310046
923027344933
923076639326
923007463458
923043912919
923045565591
923053370973
923004509532
923027306117
923007861155