03013288814
03007058151
03096433057
03008192776
03046763489
03057922007
03257675107
03074526677
03026718925
03018060749
03057046104
03068362704
03024293452
03247116971
03056852956
03062354305
03027725282
03076027518
03472727527
03014647362
03214136414
03026520687
03063348618
03025458633
03069798331
03091442560
03224648518
03088552400
03086374288
03078623102
03018823138
03073881501
03024510507
03212802339
03216466680
03035447294
03005365583
03053436256
03144984044
03064343449
03144984044
03084036584
03075372880
03013727088
03028839841
03027867399
03008500076
03017832988
03078503770
03014926095
03014031811
03013405217
03024920502
03056119923
03014229680
03014465405
03269043750
03018599709
03033747707
03089491161
03072598051
03005300093
03025312550
03007646265
03062920110
03076966207
03062579114
03045759530
03027990184
03085328396
03085593063
03006173162
03056053169
03095047675
03056223521
03035500684
03223103920
03000144458
03025443592
03075197354
03004406273
03047966515
03067871457
03023885579
03099305343
03065123029
03012309127
03057108894
03023954007
03034441960
03253008015
03062055573
03000036194
03071909496
03000322024
03209807131
03027300771
03004715864
03018358639
03089061775
03088665456
03456487027
03034208063
03012411567
03009435234
03046495229
03066403046
03086529245
03238800450
03055197770
03055166886
03025550554
03088706034
03052546936
03092019071
03013748510
03252217822
03013118548
03232296791
03053718482
03084781291
03078654830
03024715433
03057704849
03083911530
03009728297
03045236090
03027081525
03098689684
03066530112
03060365096
03027622519
03029643214
03012735633
03088314252
03062742923
03065426309
03027688443
03005526755
03084963212
03006641157
03056649387
03089491161
03256250638
03029752012
03061022798
03487100876
03046118590
03032661921
03024713932
03236102828
03045519638
03008687902
03087060560
03124701582
03013332987
03016722534
03056435139
03006922410
03021731501
03085439540
03075842702
03349896982
03016137071
03208628862
03089422438
03026132188
03072598051
03060644930
03046486909
03012411567
03071777373
03045437429
03046727068
03018762081
03039775932
03006733260
03006533032
03081174110
03038259440
03013901538
03026854986
03023122791
03068290675
03021700255
03044738786
03034068998
03005695633
03058415815
03032563035
03004904933
03023809411
03086914029
03060218485
03006607656
03057439180
03057595604
03258831591
03092019071
03014181506
03024584330
03091170846
03043575501
03074079724
03057833251
03022123558
03062977506
03433193755
03035584834
03008970215
03077242154
03074621503
03014842790
03089008260