3004407416
3053708822
3037090238
3014847053
3081472471
3085988732
3088203528
3042708199
3022482941
3087239275
3033093606
3048931456
3042102815
3206961903
3056833943
3049650766
3042557746
3043932954
3076909795
3040469037
3009694669
3218433128
3005259104
3045767327
3063534335
3068557082
3044000284
3055149919
3069886927
3014326310
3027807309
3074744131
3064142163
3228092441
3064021084
3013122500
3007900969
3226216359
3075010921
3082013010
3074654158
3214664892
3076394927
3018913637
3057375342
3231007071
3008915417
3041476643
3014834963
3074869303
3064246031
3026599922
3024832598
3087366673
3022306756
3041819396
3074260535
3028328108
3014776704
3259869208
3092462892
3007771912
3089272926
3004390122
3001001785
3066865586
3080791171
3070894045
3033424729
3013161315
3084967547
3024249462
3013118283
3096280511
3057732328
3040154180
3021495133
3015001757
3036668253
3073391796
3067414522
3017920258
3016528994
3014741109
3072951043
3017530956
3085867663
3078797234
3058544351
3062874709
3065034093
3064000262
3021626148
3081856798
3075033692
3083871383
3083459890