923226393590
923052926980
923248036903
923076737620
923066408013
923076043732
923062531762
923080442472
923091152160
923267952943
923098391801
923074232091
923084144361
923269667110
923075175911
03000020362
03000021564
923216784430
923264796603
923248259033
923029647820
923048197973
923266263211
923067893002
923223772641
923263952171
923212937963
923027419363
923237575672
923074037683
923042275971
923241733012
923250713233
923040602510
923367457381
923059159563
923090230350
923219986682
923021713493
923255001602
923010767840
923041176021
923230723160
923257374910
923087882052
923055663763
923257519712
923071356100
923228693371
923227063663
923064559903
923016185821
923248652053
923258475831
923007939163