03032290177
03088375286
03022716711
03007444369
03052181153
03053081708
03035713857
03065614773
03000367840
03047699765
03046803891
03061653428
03094683967
03238479086
03060322562
03218414761
03207859338
03068166294
03003217452
03032746924
03000852146
03003644756
03030301415
03004506920
03256250781
03072411583
03072627442
03037828659
03214540049
03054571861
03263030001
03023853572
03257213360
03217380441
03086417717
03028193503
03022225408
03011919196
03026299808
03213854771
03096586810
03013958570
03068028658
03244886764
03035848264
03214765621
03041412555
03076726411
03444845761
03062847603
03014132111
03086859606
03016655724
03024923083
03033347052
03002109783
03066259270
03069121968
03038735675
03097073528
03237395881
03014211410
03061478261
03022139131
03062269079
03094396696
03023708056
03227610652
03016351052
03008001336
03023325099
03044665218
03064621342
03013005892
03215576171
03026833368
03006975071
03079513768
03246246991
03013835701
03000899397
03099584236
03095118786
03048988264
03035042290
03096858028
03225636389
03035894822
03219621561
03058783595
03055278191
03006145094
03074470615
03014797309
03237366229
03032723029
03047369884
03223301032
03007037762
03044227368
03207288317
03075909643
03014668582
03090997405
03467903877
03058779524
03018094072
03065914995
03082074531
03004516814
03045738134
03029264080
03001118190
03023414882
03015493633
03008889795
03077277175
03000114949
03000086523
03215972472
03089220650
03024695991
03047167887
03006433895
03056650271
03086498136
03059371223
03250604952
03094231936
03016002344
03075674174
03071760764
03017712754
03015062247
03003782475
03037411019
03077727910
03065688107
03069228786
03041123785
03034885576
03156009762
03063017721
03057144399
03007340039
03035607311
03234384787
03088166492
03215208169
03024243118
03009413979
03040646102