03025833464
03066801738
03024907047
03088846055
03007808086
03047626549
03028153897
03084468828
03075866214
03046812768
03086152101
03003245173
03039005232
03014602697
03002439489
03087834294
03040402840
03017347396
03039373864
03021995621
03000353123
03325421273
03094901954
03030997273
03266614076
03024041525
03027776219
03071539643
03094022463
03334567460
03047133051
03007587174
03007042805
03086994022
03017954791
03018163625
03037803434
03054534093
03039926771
03057848952
03054661491
03041452521
03070507422
03242515105
03027332741
03003999811
03009203150
03038376894
03006035161
03159205511
03083362784
03048455504
03040402840
03033016115
03245166707
03072920559
03057639835
03062305156
03452719312
03044687461
03065617031
03087242145
03063934789
03200096636
03009555539
03040179315
03074139087
03033509140
03025318740
03067832256
03097146399
