03054882913
03055000359
03038525639
03004772973
03090137910
03068914392
03054783159
03042332610
03005374431
03064990075
03049679911
03099518300
03214262836
03343627993
03013332413
03068057257
03040772071
03024115971
03009463891
03022226386
03018839460
03036216119
03000068937
03054500406
03212014108
03078645520
03003239552
03212110382
03061211100
03324155530
03209776862
03007412765
03217452589
03206556555
03209405130
03034121082
03066743633
03005614250
03015392029
03060371864
03069794874
03023033957
03054945694
03003291066
03007959289
03064055266
03080098334
03065327274
03054865300
03026912782
03025133391
03211042857
03025533033
03096123172
03002732559
03018518238
03097033269
03036534766
03064398586
03224948169
03220050341
03044961458
03024493563
03007507748
03217821928
03025668199
03012541972
03241591226
03089169852
03077605620
03217821928
03010307222
03015827254
03346410794
03068703150
03094120285
03005542499
03068568697
03002537171
03093565499
03004847735
03076749068
03017912120
03007263585
03019171491
03009743384
03007563604
03028006486
03215086679
03097235436
03086320168
03241986183
03063861314
03057169859
03085915910
03068273284
03246563721
03044384481
03024130027
03264694675
03082466340
03093844136
03017307962
03090186390
03061594029
03009194101
03046993546
03027867520
03045695196
03255246957
03059209120
03025191097
03020728428
03035901129
03084852166
03007688039
03039344106
03082614312
03005752813
03052572048
03078165781
03347197593
03206253861
03082401952
03090671061
03054238081
03076300916
03269710944
03034630270
03407302285
03043066972
03069151477
03091009160
03004454768
03006144273
03064046150
03076690482
03339880114
03224142959
03216157879
03049520073
03415524245
03046839632
03015390075
03295000300
03045064432
03007291224
03056294361
03027465927
03098943796
03026548885
03064327989
03008306954
03036782093
03069498598
03026356219
03042579148
03007343203
03002791710
03327343666
03204968953
03237825628
03094991723
03062289062
03069681563
03064431631
03228045280
03090685597
03007961950
03233060614
03037285534
03015440160
03207935815
03014030490
03003571373
03027570778
03207891030
03234347401
03077544526
03089244133
03009463263
03049209976
03067710769
03013910033