03021019899
03053951734
03067420581
03082617642
03014376561
03084038225
03045509596
03065033821
03218433705
03042458702
03095939306
03048792262
03084585707
03063212371
03002333084
03044112717
03041471850
03056024012
03027931602
03015217733
03026953337
03228013556
03007217309
03085858876
03086450842
03072338004
03004831223
03018195213
03212661313
03006674069
03029099194
03045946890
03012709372
03018195213
03239149430
03004551126
03062256824
03018825427
03085853362
03025412639
03000791894
03030261892
03204667280
03054418940
03039299244
03046757167
03006705948
03065383560
03029205317
03013986375
03057425864
03079793989
03216302709
03084254270
03016144750
03087957077
03079906130
03057620044
03086051985
03026818980
03056945262
03002476771
03017611893
03085921368
03085699602
03030780100
03004142640
03026075074