03063150138
03013871448
03082934165
03078777482
03004703982
03096247154
03017544209
03017387894
03085000560
03026252584
03013092840
03029864503
03233339337
03015257542
03044313658
03006663648
03043178961
03063656564
03002668787
03025829671
03007277931
03009632639
03069122830
03048353394
03066520421
03087019159
03240963671
03072768131
03245400470
03074093279
03074292900
03055856064
03013122185
03036474669
03087958137
03066968755
03070654648
03075046767
03208067004
03084724504
03082994441
03085367747
03059545535
03081077618
03005587569
03044764874
03013651022
03024403072
03059013056
03248022911
03086495035
03125480518
03044713780
03000768089
03016064059
03048045256
03070619019
03057792495
03007574368
03003484582
03244736305
03060893924
03072647700
03002785437
03227191283
03044209124
03076897947
03027990314
03059782607
03006153839
03014893469
03091157415
03010001290
03214191462
03085133652
03007298019
03008088310
03004831646
03032075524
03063928037
03228418316
03088541236
03076693112
03086128691
03059638501
03064960620
03034825139
03054746364
03009482615
03025038729
03003542266
03033763664
03035042093
03089184743
03007380616
03059663621
03065413990
03088288470
03014030103
03414701850
03014227425
03053913231
03086869793
03088156448
03214495997
03096382780
03042683036
03075218121
03064325948
03046206489
03224696973
03072235547
03075911894
03069887793
03203218374
03008147746
03248937635
03074759692
03072873303
03006644512
03072862304
03078512548
03077237544
03086974409
03247874452
03074396737
03009443551
03447832300
03014704482
03217533561
03014602064
03047967809
03047134831
03004598820
03213041661
03089243921
03092417785
03207400753
03071007550
03069760405
03058038107
03083534202