03073494037
03234973516
03005029149
03256771059
03075356418
03011290538
03214172570
03057694882
03005768580
03026121080
03034874323
03033494092
03026914910
03002861584
03045023435
03344227321
03213012934
03054981001
03008142441
03043055434
03041129276
03055014268
03228967219
03041916246
03023096950
03028013900
03082486658
03034591527
03029518567
03237164649
03096397094
03222825555
03054849493
03032105091
03437439724
03038059548
03021700181
03084297892
03207895209
03078870463
03313515110
03015980261
03226962960
03073078065
03056965218
03030990294
03006351410
03034543450
03094095203
03009456668
03015227023
03216461437
03088060382
03232050890
03038271415
03208530563
03064080096
03241489450
03030339058
03002181705
03061362861
03231426048
03008018979
03033433458
03217403565
03065945916
03076915106
03004920169
03218871203
03001112213
03026603358
03099980260
03004929082
03024107410
03035693730
03079506330
03214191256
03046525050
03011441615
03059041274
03000624011
03008634022
03087798106
03155309115
03019864558
03079491473
03075718861
03236591821
03041097077
03217723627
03023713343
03096480802
03005944612
03094689047
03079373072
03096466066
03045001841
03024243244
03066662153
03244780726
03052030492
03005955315
03059090290
03030443290
03002912106
03016169288
03204805966
03082823831
03277305878
03246940610
03071483558
03236702463
03014913598
03000672642
03062843949
03214736717
03062403684
03027522372
03071602567
03026877014
03009096900
03015256781
03000972002
03049200003
03075715526
03020401770
03026254271
03077408726
03006363248
03011722291
03014174061
03084028966
03048800447
03095147917
03218518629
03215689526
03054449361
03099668725
03000830019
03013462775
03068563776
03227188411
03017539223
03006129717
03231413201
03017965729
03077496857
03015963752
03034960557
03008065616
03063209691
03034114743
03075522655
03016154305
03249370196
03458848158
03036527454
03214708075
03065002658
03072188031
03084927125
03023035457
03034029696
03203485804
03034365351
03065035946
03049664083
03034769611
03244747645
03085775209
03056300712
03066317492
03037077803
03019714971
03200665050
03079614109
03034367132
03045505418
03214408140
03054529553
03004283074
03094500067
03052486090
03246441823
03027283515
03059285207
03237213790
03013594308
03247939061
03055240915
03024100787
03227089431
03023819636
03067215195
03099392699
03060569727
03013024930