03087725139
03006398493
03021506674
03004341926
03013847780
03225025952
03008808759
03038948028
03083246305
03098929657
03017840483
03209439460
03044574471
03221464776
03052729170
03084329162
03009779420
03042492590
03225065119
03036239936
03000925172
03070630964
03200960079
03217929030
03008918995
03043880181
03014836036
03041652528
03025880596
03029051342
03009431260
03055727209
03097388607
03014799036
03014621588
03067291317
03082626210
03047266454
03088941275
03077346874
03076729266
03055846022
03073322241
03064363582
03002801005
03032648903
03080634863
03035276894
03082860965
03051925120