03068369775
03045227603
03086529480
03025145653
03067307226
03041701204
03029658728
03037578395
03133737644
03044250161
03075004466
03005237718
03076381275
03006237464
03074980170
03028885025
03005309767
03234317069
03007194929
03002860220
03021120822
03007582779
03065423177
03089289765
03086992193
03057648863
03045636230
03074043758
03004457045
03240312425
03064094849
03056605431
03004333503
03036676497
03037741017
03027938506
03214399369
03026691571
03046098713
03098355082
03072626614
03025555439
03070493109
03067627588
03097674292
03081673517
03082774264
03022151512
03076404871
03020736750
03007893125
03064925540
03086776431