03034129185
03201954231
03211886233
03064877951
03224144029
03057833251
03071833559
03062656975
03213660887
03079237146
03094574995
03054364840
03087199359
03089645472
03023600634
03017715634
03007872960
03049757017
03005903120
03074488989
03085511500
03240040728
03076925073
03028379219
03072364214
03091162164
03023801963
03004737278
03224879686
03034375948
03092483933
03007394899
03023776031
03049980318
03065288455
03078158078
03206746229
03249702628
03076090706
03015924389
03017674611
03037954484
03043301172
03098551840
03068905283
03049575371
03047240102
03265656808
03202510215
03074260300
03084007876
03064118162
03075120292
03086806800
03067026236
03098264209
03012908656
03236756921
03088671998
03017503772
03004046194
03238136311
03097497071
03006189758
03086590236
03094413491
03066835294
03009560741
03056862362
03026313425
03064818652
03027148531
03003415828
03016526473
03048043445
03069368366
03009283673
03005254311
03246629069
03047197590
03017256298
03084524830
03252824619
03096558536
03054081857
03045080119
03004868437
03232588769
03018738091