03092988507
03030104603
03074058015
03417263770
03006932594
03006622053
03063188779
03003169448
03024335837
03077738429
03004360885
03002453938
03084193721
03099926709
03213701244
03097123721
03003985564
03017455440
03097917449
03038291308
03048825941
03008917115
03037762652
03068622300
03092170388
03244171904
03051239004
03095948054
03040408876
03053586238
03055768124
03016271039
03230939737
03060953711
03074510460
03247969240
03017766417
03238888885
03074534663
03088839733
03153874954
03224317370
03029194506
03008786561
03029515346
03021910920
03042150970
03011224841
03213112253
03089102369
03035553604
03084249322
03004769787
03049249678
03014522705
03049810649
03059270478
03007216962
03063988407
03116470508
03217010807
03002453938
03084193721
03099926709
03213701244
03097123721
03003985564
03017455440
03097917449
03038291308
03048825941
03008917115
03037762652
03092170388
03244171904
03051239004
03095948054
03040408876
03053586238
03055768124
03016271039
03230939737
03060953711
03074510460
03247969240
03017766417
03238888885
03074534663
03088839733
03153874954
03224317370
03029194506
03008786561
03029515346
03021910920
03042150970
03011224841
03213112253
03089102369
03035553604
03084249322
03004769787
03049249678
03014522705
03049810649
03059270478
03007216962
03063988407
03116470508
03217010807
