03220297363
03043642511
03046647375
03257079829
03069679567
03022656846
03096741990
03274165948
03067064696
03078273147
03060559824
03044434702
03041497515
03061526513
03444542812
03174189893
03063845257
03216572855
03067031700
03073423930
03056385924
03019464634
03037962417
03093174280
03077118855
03088279355
03233009900
03016929733
03017467856
03089676581
03059797651
03023708056
03058509779
03019820368
03278939556
03008892441
03220297363
03043642511
03046647375
03257079829
03069679567
03022656846
03096741990
03274165948
03067064696
03078273147
03060559824
03044434702
03041497515
03061526513
03444542812
03174189893
03063845257
03216572855
03067031700
03073423930
03056385924
03019464634
03037962417
03093174280
03077118855
03088279355
03233009900
03016929733
03017467856
03089676581
03059797651
03023708056
03058509779
03019820368
03278939556
03008892441
