03052872140
03022404012
03022497969
03016713898
03213211591
03097739811
03045335824
03007579784
03029158258
03022000873
03225882878
03030456803
03035117533
03026161642
03020325007
03038621356
03014254007
03243359289
03082013103
03079472154
03091805234
03255969771
03093219862
03071729910
03032771367
03073693859
03049705438
03015639094
03072250364
03061527151
03008080945
03027427878
03034379748
03006358062
03052498506
03216626478
03032661940
03086955523
03007438989
03039850761
03069153411
03051530912
03034204023
03074497314
03036513357
03007657201
03067060679
03022713698
03060323498
03244339339
03013060529
03035460623
03046152987
03036149430
03083635223
03075910104
03087424565
03005453897
03011684989
03040142897
03057057455
03022159942
03023542740
03027823403
03248080442
03026607484
03013515871
03018299680
03006900804
03008194331
03046830194
03065808058
03073697606
03065594280
03003743535
03053843065
03057000756
03041051774
03004483538
03224217783
03013918593
03088435805
03063165314
03086186921
03066719921
03086453140
03026903676
03061305154
03027876386
03009808067
03071463930
03055164132
03084912420
03007062966
03023376899
03226456063
03003837683
03009692290
03006938329
03082625685
03048258658
03022217679
03081185758
03054091688
03096337306
03068755215
03024255568
03023118445
03017452208
03065802352
03016892882
03101336703
03064995711
03045402052
03024623669
03047429411
03070484392
03094522533
03084542863
03043419790
03046137774
03004748315
03016731913
03052319314
03014510415
03076352364
03030037573
03087199106
03035610189
03058773020
03080164643
03008327241
03076071198
03025562355
03009654175
03066062982
03029244916
03014782733
03043269630
03086231074
03072748495
03025371884
03004665665
03070454715
03066062350
03096902499
03023402433
03053822843
03233063761
03018858202
03030705189
03019097077
03092355399
03229581981
03006136876
03044270767
03012439764
03037222749
03009850870
03017166567
03027699625
03076668778
03072159450
03013320669
03052163473
03044004301
03070452989
03025313445
03072474701
03039020411
03086474454
03084312340
03064125791
03005094414
03256811077
03046598697
03038009695
03002909830
03053339896
03082003129
03211572035
03054707748
03040884836
03004766686
03082400858
03029492479
03072827011
03096833717
03006483147
03035102454
03011485935
03036895109
03068236433
03024020738