03217723627
03215846449
03032651884
03064890095
03019630539
03079333537
03003441369
03016585495
03083640033
03013531700
03077565323
03068074513
03236112245
03219426843
03058820515
03075588917
03082447616
03088154289
03055309417
03076271815
03014410162
03156450603
03092095750
03240853091
03065751803
03000437715
03054849493
03231402145
03051629808
03062649875
03004248676
03244871135
03027283515
03045894326
03015980261
03494962283
03019847831
03003318290
03477014235
03017269563
03063234093
03071765488
03061408354
03005065268
03092414469
03020718070
03000234943
03010494184
03259510640
03053077392
03064203700
03060066338
03009811888
03004973358
03091599136
03023219892
03006605819
03223763984
03009549984
03087578138
03025331233
03007015976
03218417224
03240084546
03061380278
03092145568
03027011170
03036703800
03041230851
03087906615
03052292064
03009202993
03060439294
03066983464
03089161315
03041018212
03015454625
03024900981
03024252620
03017462926
03062269835
03059334561
03005282186
03146778165
03003581032
03252234973
03079372123
03064920315
03047682627
03001717151
03007599146
03017532654
03012751125
03054847765
03004271326
03053303965
03036267168
03313798145
03036317717
03087730915
03033976090
03007086954
03466453660
03097453314
03045629622
03056988183
03056736500
03036290506
03084925027
03457020765
03097072727
03001263400
03005586344
03000991588
03005233803
03045336575
03074671099
03217500210
03045440959
03013024930
03029277183
03063155599
03216975175
03064563906
03063780963
03005444282
03062329730
03068856251
03042268392
03068109327
03455050103
03424003576
03434908480
03455050103
03084985409
03008888223
03038334045
03024922449
03040373833
03014925402
03074781690
03214973871
03088654978
03096017518
03007984058
03005405980
03004465199
03097768305
03319774495
03065600151
03002697289
03002634906
03094372033
03078194680
03028006486
03003480648
03256241693
03009096900
03069763117
03033420928
03008521267
03024328201
