03073494037
03234973516
03005029149
03256771059
03075356418
03011290538
03214172570
03057694882
03005768580
03026121080
03034874323
03033494092
03026914910
03002861584
03045023435
03344227321
03213012934
03054981001
03008142441
03043055434
03041129276
03055014268
03228967219
03041916246
03023096950
03028013900
03082486658
03034591527
03029518567
03237164649
03096397094
03222825555
03054849493
03032105091
03437439724
03038059548
03021700181
03084297892
03207895209
03078870463
03313515110
03015980261
03226962960
03073078065
03056965218
03030990294
03006351410
03034543450
03094095203
03009456668
03015227023
03216461437
03088060382
03232050890
03038271415
03208530563
03064080096
03241489450
03030339058
03002181705
03061362861
03231426048
03008018979
03033433458
03217403565
03065945916
03076915106
03004920169
03218871203
03001112213
03026603358
03099980260
03004929082
03024107410
03035693730
03079506330
03214191256
03046525050
03011441615
03059041274
03000624011
03008634022
03087798106
03155309115
03019864558
03079491473
03075718861
03236591821
03041097077
03217723627
03023713343
03096480802
03005944612
03094689047
03079373072
03096466066
03045001841
03024243244
03066662153
03244780726
03052030492
03005955315
03059090290
03030443290
03002912106
03016169288
03204805966
03082823831
03277305878
03246940610
03071483558
03236702463
03014913598
03000672642
03062843949
03214736717
03062403684
03027522372
03071602567
03026877014
03009096900
03015256781
03000972002
03049200003
03075715526
03020401770
03026254271
03077408726
03006363248
03011722291
03014174061
03084028966
03048800447
03095147917
03218518629
03215689526
03054449361
03099668725
03000830019
03013462775
03068563776
03227188411
03017539223
03006129717
03231413201
03017965729
03077496857
03015963752
03034960557
03008065616
03063209691
03034114743
03075522655
03016154305
03249370196
03458848158
03036527454
03214708075
03065002658
03072188031
03084927125
03023035457
03034029696
03203485804
03034365351
03065035946
03049664083
03034769611
03244747645
03085775209
03056300712
03066317492
03037077803
03019714971
03200665050
03079614109
03034367132
03045505418
03214408140
03054529553
03004283074
03094500067
03052486090
03246441823
03027283515
03059285207
03237213790
03013594308
03247939061
03055240915
03024100787
03227089431
03023819636
03067215195
03099392699
03060569727
03013024930
03035938344
03052877779
03052486090
03078021303
03073679116
03028183821
03097475870
03038704123
03064185235
03006091004
03218259401
03071483558
03038335841
03214030819
03238447742
03013059096
03000022497
03035694686
03458039353
03084200492
03004548438
03078500913
03071472147
03005530004
03014390353
03277325165
03006241033
03087853059
03034400490
03006528082
03041918404
03063781877
03004316276
03024745448
03026455040
03256383097
03092230871
03017906159
03219719159
03006027751
03095235352
03062995590
03414958389
03077936265
03218895425
03066422461
03044502550
03041678380
03065369632
03054621719
03056927592
03074896850
03349407277
03276579633
03064384642
03005588206
03002791698
03072246078
03032178521
03089360389
03239973891
03217062620
03052566354
03066118545
03034661813
03034789717
03259359051
03034029696
03048623949
03088064415
03049488160
03231557547
03022362825
03239780251
03015194100
03076770355
03045023435
03017155013
03085657986
03066335850
03004595125
03026306433
03013827546
03026264580
03064511433
03077497172
03036523407
03214353613
03033253911
03257464459
03004567094
03235971305
03073795656
03209465977
03219309021
03038259536
03039871960
03077449689
03004536084
03064232451
03229256452
03214079130
03229311651
03067001819
03010773996
03234241541
03044643969
03064694551
03200938241
03214090463
03083943648
03060972525
03206666650
03222227023
03225480705
03218470177
03240337390
03037705355
03038604261
03015797002
03017383090
03224300744
03006033769
03013836644
03016828662
03187270596
03017788622
03045505418
03214668404
03073521029
03003029321
03018894040
03002223178
03024694240 
